.Random.seed <-
c(403L, 288L, -206838525L, -291975902L, 1445124106L, -1768589037L, 
1813448561L, -1270487083L, -72807326L, 1260643147L, -737047709L, 
1080753574L, 1588123732L, 244066525L, -982829051L, -939333252L, 
-514072937L, 922656142L, 42583277L, -1036041281L, -994337853L, 
-143915187L, 1598431212L, 48733742L, -1605284902L, 1710452571L, 
-159568778L, -831151727L, 81444127L, -189132652L, -1730970707L, 
-2005021202L, -786878144L, -1697010747L, -1871851625L, -1188155895L, 
-1842339782L, -1233850185L, 71138725L, 526182048L, -306336110L, 
1077424119L, 1825780521L, 91768905L, 223463119L, 1804582165L, 
97998163L, 798402010L, 1382512639L, -1762983295L, 1021521140L, 
669207175L, 202248428L, -1435943047L, 1333759818L, -1886580700L, 
761886895L, -597656939L, -2133365445L, -345286040L, 948248049L, 
1435580168L, -2089308224L, 475512595L, -1577779850L, 594747206L, 
-91010660L, 659111210L, -487616299L, -1446680910L, -91479101L, 
-403580333L, -570209674L, 852902121L, -1969217227L, -841600758L, 
466160232L, 112796744L, -58117973L, -459611159L, -1558866826L, 
1396929995L, 2095433071L, -2096018598L, -636501612L, 270115070L, 
-2048074964L, -1880279649L, 814483429L, -1303206586L, -258721376L, 
-1998996420L, 1746339932L, 251555341L, 1910389526L, -1118504442L, 
-2130941513L, 391583097L, 1278792046L, 205504394L, -1223292916L, 
-733314731L, 1863978784L, -743611477L, -155864034L, -1367383301L, 
1453271140L, 1825846142L, 1548817041L, 1777010236L, 309268550L, 
2051442727L, 71635087L, 1641501662L, -1060464420L, -459621464L, 
-1823470433L, -402809397L, 2050371018L, 374434648L, 1523046254L, 
-1128651451L, 1834267050L, 1910715191L, 1982325445L, 1728798676L, 
271980569L, 1942846077L, 1490997551L, -2053660464L, 1587588737L, 
-1242488375L, -2125977241L, -1526979665L, -796813610L, -1292557947L, 
1252508701L, 978668235L, 2051040430L, -1079949016L, 214871859L, 
-1615040594L, 482257590L, -1964531092L, -1371355790L, -27853419L, 
1688599444L, 1701206444L, 1672984875L, -442953893L, -27584270L, 
-880472141L, -1184919282L, -687117032L, 860452278L, -482348712L, 
1264218785L, -2139963205L, -1019233950L, 1971730107L, -579612599L, 
663827875L, 1796412480L, 2060656254L, 2044625524L, 982108770L, 
-164060830L, 1875595810L, -251226514L, -1019929383L, 702726841L, 
-1332415713L, 184238603L, -284387065L, -703773536L, -820971128L, 
1759657003L, -1752915015L, -375356432L, 1388350616L, -663963279L, 
2100598102L, 972516750L, -2032821060L, -227635838L, 138712120L, 
-1268834875L, 815299696L, -113497009L, -365254010L, -867018750L, 
-1975570983L, 162779632L, -1923064270L, -592116655L, 1007628160L, 
-1842295449L, -2060495100L, 1965649320L, 1393736654L, 5696251L, 
-1322617601L, 90213749L, 307663305L, -1092013454L, -275811844L, 
329364290L, -1934738649L, 556634667L, 1764258142L, -1255730477L, 
-934543907L, 998066325L, 1683089357L, -524801516L, -1963827000L, 
846133958L, 1688738041L, 703618394L, 1314219115L, 125097610L, 
1955568726L, -1481065182L, -494634742L, 1070131710L, 1450653192L, 
-541319086L, 1481725346L, -1766954834L, -1294662181L, -798820225L, 
-1893030841L, 1201990090L, 42672848L, 1108255886L, 1057778410L, 
1984634438L, -709639158L, -649429458L, 1074997914L, -1295398364L, 
318200901L, 26152679L, -1324055670L, 87232245L, 71403111L, 679391203L, 
-2018577886L, 173301406L, -724577068L, 574839331L, 1316960328L, 
1679400420L, -1754264762L, 938724027L, -1000014730L, 920519616L, 
1261211672L, 242895837L, 227581817L, 794803915L, 2044552992L, 
350360578L, -54791168L, 360070920L, -2035635376L, -2141993504L, 
-639189127L, -1666467280L, -245074131L, -1191356798L, -814481401L, 
1241303947L, 129333450L, -1890655333L, 204322497L, 1618786059L, 
238824471L, -465807150L, -1724844717L, -724877414L, 370228478L, 
-324053124L, -476664095L, -251117463L, -1338580843L, 1159812459L, 
-1740785116L, 556392705L, 47763915L, 2062135714L, 1068754427L, 
1890676160L, 888319028L, 1537029562L, 477840040L, -252664761L, 
2104393235L, 1134628972L, 1939400041L, 1168116838L, -1704854535L, 
1556344855L, 1740231171L, 1122395305L, -2012245886L, -945725797L, 
2048045636L, -1377593941L, -407776763L, -810856985L, 1723884299L, 
947647434L, -1386243527L, 968220111L, -584603994L, 963822907L, 
-769414626L, 1424778054L, -744387301L, -2014491952L, 1383875835L, 
2121515224L, -1866713779L, -662496189L, -342394603L, -2053829571L, 
1898803966L, 2134203212L, -2114947326L, 1761737998L, -476900103L, 
2024173584L, 1979316026L, -1529426319L, 432676197L, 111430246L, 
-160320352L, 169871432L, 939944487L, 185060672L, -1102172211L, 
-269314709L, 1893374523L, -161399717L, -1492780500L, 1693198780L, 
1670248936L, 2047826490L, 1191474146L, 879015943L, 1242591089L, 
-2065742814L, -230590417L, 924584525L, 1349745964L, 1216038178L, 
-2096104014L, -1531522888L, -527437977L, 1298372653L, 234527874L, 
-67432316L, -1639487359L, 772819827L, 807039060L, -1217237961L, 
-1075618560L, 820494804L, 1423900123L, -878568116L, 484442537L, 
-1216445325L, -1543462410L, 924224540L, 221321100L, -1158784144L, 
2071558036L, -1392087788L, -1139613480L, 2143677821L, -1033760042L, 
-1268965856L, 1670622076L, -920317580L, 962670792L, -670049200L, 
1432203277L, 342200387L, 207659454L, -884899269L, -1472050602L, 
1520676328L, 1742229649L, -1830911265L, -344776327L, 120773540L, 
2099210163L, -553976544L, 1660008518L, 267005427L, 1690793045L, 
124498827L, -609037078L, 1944439508L, -224518990L, 721972655L, 
796922025L, 112677323L, 2026966507L, -1274189624L, 327195996L, 
-138729814L, 2037154377L, -1548477487L, 446213013L, 172823989L, 
663005154L, -1937537558L, -1576215018L, 1934520531L, -976985455L, 
992343077L, 1547002004L, -611065842L, 1655190426L, -659727277L, 
-1714313466L, -1941396497L, 1023136234L, -1428153382L, -196170854L, 
-1973463963L, -669998147L, -206610831L, 1260717135L, 57089515L, 
-65443418L, 1497325676L, 466590588L, -193937535L, -3449073L, 
86753342L, -1645917648L, 1159078903L, 225496740L, 727871777L, 
-2027426876L, -1786432226L, -1294131742L, 1076160643L, 647367070L, 
2003643745L, -901771163L, -520388756L, 825061689L, -859452322L, 
1532893378L, -1881318571L, -1034252457L, 1125605775L, 213275000L, 
1534409377L, 2012192899L, -1602646803L, 102428381L, 2044155505L, 
849914345L, -479860888L, -70393503L, -222310524L, -434927307L, 
-2133073420L, -1557186848L, -1779262187L, -1130076385L, 1074081714L, 
-752165977L, 2040223850L, 400740923L, 1804556194L, 1714333164L, 
-379306490L, -1017370634L, -1332492034L, 1393169946L, -948807087L, 
-1057036594L, 351718685L, 1175223087L, 115202281L, 833673603L, 
587882931L, -1936275881L, -863675345L, 274163395L, -634171090L, 
1097184362L, 1984525157L, 1509267536L, 1268154261L, -1706456736L, 
895577260L, -155940657L, -120843517L, -1982196238L, -1397618204L, 
1899498626L, 2072132267L, 97985255L, -1523043957L, 238620420L, 
627624318L, 8517502L, -271322935L, 888765962L, 1633107759L, 905565658L, 
1831847637L, 1576021995L, 1894991630L, -290347711L, 938197759L, 
-143478431L, 1000700138L, 1541966859L, 29609438L, -1693896484L, 
1798005906L, 1244649750L, 1113936608L, 2099770117L, -123699679L, 
2046496281L, -710277287L, -592310296L, 1668063580L, -423047311L, 
183669329L, -1619622270L, -1392934083L, -955538471L, 517719541L, 
-1157945772L, -959920442L, -1814482793L, 1136472408L, 2050071350L, 
-2048404122L, 38258048L, -557092974L, 1439196386L, 1638577852L, 
-1122905055L, -161040277L, -1982943462L, -21293511L, -1548966596L, 
-983204754L, 17489646L, 1025638889L, 1018643746L, 1607639095L, 
-1789797814L, -62730651L, 1725275039L, 522975047L, -1188227058L, 
811940358L, -2001548162L, 1581591698L, 377556031L, -308720639L, 
-2045886818L, 756236406L, -527329636L, 1049142512L, -1147983574L, 
300231658L, 1716846923L, -1081892372L, -1883399817L, -836941340L, 
-2036080276L, -2056015660L, 1151083588L, 212360144L, -1462812021L, 
-1121442058L, 846438048L, 443699518L, -459223341L, -704263929L, 
-1778063174L, 1099986747L, -59081609L, -339480943L, -650199336L, 
2036931082L, 1828126624L, 124761128L, 245573414L, 961854745L, 
1356336458L, -234396158L, -480539451L, -1881739430L, -1900890435L, 
